Mean Vector: 
[[-5.02008425 -0.00660874  4.97541532]
 [-3.05868194  1.99725898 -3.01718123]
 [ 5.06443009 -0.05349076 -4.97001289]
 [ 2.95950523 -1.99505137  3.02177771]]
Covariance Matrix: 
[[[ 1.00312126 -0.01529599  0.01798909]
  [-0.01529599  0.49925398  0.00879673]
  [ 0.01798909  0.00879673  1.04929047]]

 [[ 2.00664641 -0.04444302  0.04913763]
  [-0.04444302  0.48645475 -0.00787859]
  [ 0.04913763 -0.00787859  1.94905197]]

 [[ 1.00256703  0.04386531 -0.01572769]
  [ 0.04386531  0.52178481 -0.01045491]
  [-0.01572769 -0.01045491  0.9421439 ]]

 [[ 1.98347723  0.01026077  0.01564299]
  [ 0.01026077  0.48927577  0.00876232]
  [ 0.01564299  0.00876232  1.97327185]]]
Ratio: 
 [[0.20112082]
 [0.30193225]
 [0.10111345]
 [0.39583348]]
