alpha: 
[2011.38573141 3958.22600383 3019.19165787 1011.2366069 ]
beta: 
[2012.37573141 3959.21600383 3020.18165787 1012.2266069 ]
m: 
 [[-5.01773822 -0.00659201  4.9721591 ]
 [ 2.95871606 -1.99455509  3.02073917]
 [-3.05796933  1.99669174 -3.01662032]
 [ 5.05853521 -0.05328012 -4.96611152]]
nu: 
 [2014.37573141 3961.21600383 3022.18165787 1014.2266069 ]
W: 
 [[[ 4.90759719e-04  1.49620352e-05 -2.11646722e-06]
  [ 1.49620352e-05  9.95338208e-04 -7.96849505e-06]
  [-2.11646722e-06 -7.96849505e-06  4.65152687e-04]]

 [[ 1.27203999e-04 -2.17759607e-06 -1.24674249e-06]
  [-2.17759607e-06  5.15015950e-04 -1.69555315e-06]
  [-1.24674249e-06 -1.69555315e-06  1.27752125e-04]]

 [[ 1.65377854e-04  1.54713710e-05 -4.24365478e-06]
  [ 1.54713710e-05  6.80341845e-04  2.72103141e-06]
  [-4.24365478e-06  2.72103141e-06  1.69958624e-04]]

 [[ 9.58648700e-04 -7.77775300e-05  3.67437978e-05]
  [-7.77775300e-05  1.89817249e-03  1.64751698e-05]
  [ 3.67437978e-05  1.64751698e-05  1.03397241e-03]]]
